101010101 0.204889 0.0777274 0.201923 0.211695 0.215614 0.0881522
102010101 0.206134 0.0768501 0.199762 0.211306 0.218729 0.0872189
103010101 0.206602 0.078097 0.200537 0.210439 0.216665 0.0876597
104010101 0.208261 0.0769207 0.201445 0.213149 0.215084 0.0851398
105010101 0.205736 0.0804265 0.201312 0.211395 0.215932 0.0851982
106010101 0.209226 0.0700893 0.208084 0.212115 0.216153 0.0843322
107010101 0.212393 0.081976 0.178163 0.219412 0.219847 0.0882089
108010101 0.209183 0.0817472 0.209812 0.188256 0.223022 0.087979
109010101 0.205256 0.0817912 0.209541 0.219933 0.19229 0.0911895
110010101 0.199431 0.0762615 0.203433 0.21355 0.217437 0.0898873
102020101 0.206776 0.0773681 0.19889 0.209321 0.219564 0.0880812
103020101 0.208318 0.0783574 0.199386 0.207932 0.217455 0.0885511
104020101 0.20907 0.0785258 0.200025 0.210636 0.215732 0.0860116
105020101 0.206687 0.0801823 0.201962 0.208608 0.216543 0.0860178
106020101 0.210534 0.0706068 0.20543 0.211277 0.216785 0.0853662
107020101 0.213832 0.0825049 0.177011 0.216046 0.221667 0.0889385
108020101 0.210465 0.0823969 0.208545 0.185841 0.222968 0.0897845
109020101 0.207047 0.0824832 0.208471 0.217524 0.193065 0.09141
110020101 0.200648 0.0767454 0.202385 0.211203 0.218202 0.0908175
103030101 0.208028 0.0802904 0.200458 0.207162 0.215045 0.0890163
104030101 0.209281 0.0787007 0.202688 0.209403 0.213591 0.0863365
105030101 0.20746 0.0813164 0.201236 0.2094 0.214129 0.0864585
106030101 0.211329 0.071841 0.206405 0.208756 0.216142 0.0855275
107030101 0.214449 0.0837169 0.178109 0.214948 0.218486 0.090291
108030101 0.211587 0.0836195 0.209765 0.184819 0.220673 0.0895365
109030101 0.207597 0.0836112 0.209488 0.216648 0.190746 0.0919097
110030101 0.201311 0.0777654 0.203324 0.210251 0.216098 0.0912518
104040101 0.210987 0.0780054 0.20161 0.213692 0.211643 0.0840628
105040101 0.208774 0.080575 0.201951 0.210443 0.214323 0.0839345
106040101 0.212501 0.0711063 0.207126 0.211626 0.212961 0.084679
107040101 0.216345 0.0830252 0.178811 0.217922 0.216907 0.0869896
108040101 0.213009 0.0828454 0.210396 0.187824 0.219034 0.0868922
109040101 0.209021 0.0827877 0.210161 0.219488 0.189223 0.0893198
110040101 0.202587 0.0771182 0.204058 0.212886 0.214543 0.0888087
105050101 0.207101 0.0831087 0.201856 0.208991 0.213223 0.0857199
106050101 0.211264 0.0737219 0.207819 0.209926 0.213989 0.0832797
107050101 0.214332 0.0856369 0.179295 0.216165 0.217732 0.0868395
108050101 0.210747 0.0854377 0.210857 0.18598 0.220147 0.0868311
109050101 0.206792 0.08541 0.210618 0.217677 0.190106 0.0893973
110050101 0.200579 0.079488 0.204422 0.211294 0.215399 0.0888181
106060101 0.214423 0.0643698 0.213054 0.21078 0.214805 0.0825682
107060101 0.217643 0.0761275 0.184435 0.21731 0.21826 0.0862239
108060101 0.214155 0.0759352 0.216092 0.187072 0.220434 0.086312
109060101 0.210387 0.0758736 0.215771 0.218705 0.19051 0.0887535
110060101 0.203566 0.0709566 0.209385 0.212284 0.215719 0.0880904
107070101 0.220362 0.088036 0.15592 0.223425 0.222304 0.0899525
108070101 0.216906 0.0878716 0.187747 0.193305 0.224248 0.0899213
109070101 0.213126 0.0877791 0.187447 0.22497 0.194339 0.0923389
110070101 0.206564 0.0818795 0.182057 0.218371 0.21941 0.0917183
108080101 0.213261 0.0877081 0.219542 0.162833 0.226634 0.0900213
109080101 0.209613 0.0876106 0.219042 0.194858 0.196576 0.0923014
110080101 0.203232 0.0816691 0.212617 0.189118 0.221603 0.0917611
109090101 0.205826 0.0876367 0.219015 0.226541 0.166427 0.0945545
110090101 0.199447 0.0816636 0.212369 0.21982 0.192701 0.0939984
110100101 0.193315 0.0760515 0.206291 0.213714 0.217067 0.0935626
102020201 0.208371 0.0776051 0.197797 0.206822 0.220264 0.0891404
103020201 0.209258 0.0788134 0.19832 0.205615 0.218212 0.089782
104020201 0.209459 0.0798289 0.198874 0.208115 0.216612 0.087111
105020201 0.20723 0.0796706 0.202795 0.206215 0.217017 0.0870724
106020201 0.211404 0.0711205 0.203028 0.210489 0.217418 0.0865399
107020201 0.214688 0.0829591 0.175962 0.212935 0.223397 0.0900596
108020201 0.211199 0.0829498 0.20752 0.18361 0.222885 0.0918366
109020201 0.208394 0.0830077 0.207636 0.215201 0.194082 0.0916794
110020201 0.201449 0.0771542 0.201421 0.209062 0.218963 0.0919501
103030201 0.209805 0.0805757 0.199225 0.204219 0.215972 0.0902033
104030201 0.210375 0.0801244 0.201093 0.20659 0.214296 0.0875216
105030201 0.208827 0.0808605 0.201453 0.206402 0.214908 0.0875492
106030201 0.212905 0.0722305 0.20347 0.207599 0.216855 0.0869392
107030201 0.216144 0.0841556 0.176519 0.211353 0.220347 0.0914813
108030201 0.213167 0.0842294 0.208203 0.18208 0.22069 0.0916306
109030201 0.209824 0.084162 0.208072 0.213822 0.191761 0.0923581
110030201 0.202827 0.0782533 0.201861 0.20762 0.216911 0.0925283
104040201 0.211364 0.080265 0.199707 0.210843 0.212743 0.0850783
105040201 0.209526 0.0810898 0.202119 0.207347 0.215015 0.0849025
106040201 0.213403 0.0725488 0.204165 0.210323 0.213694 0.0858659
107040201 0.217301 0.0844488 0.177224 0.214198 0.21879 0.0880382
108040201 0.213945 0.0844199 0.208766 0.184941 0.219106 0.0888228
109040201 0.210463 0.0843767 0.208767 0.216543 0.190256 0.0895947
110040201 0.203486 0.0784727 0.202613 0.210159 0.215364 0.0899054
105050201 0.208065 0.0818812 0.203965 0.205668 0.213726 0.0866939
106050201 0.212508 0.0733332 0.206659 0.20851 0.214523 0.0844668
107050201 0.215577 0.0852658 0.179456 0.212446 0.219415 0.0878407
108050201 0.211937 0.0851209 0.211067 0.183093 0.219994 0.0887884
109050201 0.208584 0.0851228 0.210958 0.214693 0.190976 0.0896662
110050201 0.201678 0.0791725 0.204691 0.208482 0.216077 0.0898996
106060201 0.215923 0.0648285 0.208642 0.21133 0.215435 0.0838414
107060201 0.219088 0.0766684 0.181449 0.215374 0.220013 0.0874088
108060201 0.215525 0.0765535 0.213178 0.185966 0.220333 0.0884449
109060201 0.212281 0.0765205 0.213021 0.217497 0.191461 0.0892204
110060201 0.204902 0.0714806 0.206637 0.211192 0.216403 0.0893857
107070201 0.221801 0.0886708 0.154396 0.219063 0.225056 0.0910147
108070201 0.218287 0.0885079 0.186156 0.189809 0.225311 0.0919295
109070201 0.215071 0.0884451 0.186047 0.221409 0.196352 0.0926753
110070201 0.207922 0.0823959 0.180595 0.215028 0.221238 0.0928221
108080201 0.214571 0.0884699 0.217953 0.160079 0.225843 0.093084
109080201 0.211518 0.0884264 0.217665 0.192073 0.196762 0.0935563
110080201 0.2045 0.0823185 0.21119 0.186554 0.221649 0.0937896
109090201 0.208118 0.0884188 0.217906 0.223733 0.167615 0.0942091
110090201 0.20123 0.0822888 0.211103 0.217186 0.193727 0.0944651
110100201 0.194591 0.076521 0.205094 0.211118 0.217915 0.0947612
103030301 0.209326 0.0832213 0.20065 0.203598 0.21268 0.0905247
104030301 0.209858 0.0809101 0.203795 0.205683 0.211934 0.087819
105030301 0.20853 0.0827543 0.200925 0.207404 0.212337 0.0880495
106030301 0.212761 0.0740859 0.204756 0.205137 0.21597 0.08729
107030301 0.215857 0.0861025 0.17788 0.210505 0.216904 0.0927521
108030301 0.213391 0.0860768 0.209774 0.181285 0.218206 0.0912677
109030301 0.209406 0.0859942 0.209477 0.213021 0.189252 0.09285
110030301 0.20259 0.0799661 0.203219 0.206802 0.214488 0.0929356
104040301 0.211245 0.0796211 0.203991 0.209429 0.210277 0.0854369
105040301 0.209783 0.0813909 0.202995 0.20785 0.212618 0.0853629
106040301 0.21385 0.0728064 0.20682 0.207586 0.212885 0.0860522
107040301 0.217597 0.0847593 0.179971 0.21287 0.215512 0.0892904
108040301 0.214667 0.0846973 0.211661 0.183752 0.216711 0.0885122
109040301 0.210712 0.0845827 0.21137 0.215475 0.187817 0.0900431
110040301 0.203765 0.0787277 0.205115 0.208997 0.213118 0.0902778
105050301 0.20885 0.0830576 0.201443 0.208136 0.21134 0.087173
106050301 0.213414 0.074577 0.205992 0.207613 0.213621 0.0847834
107050301 0.21635 0.0865532 0.178907 0.212911 0.216012 0.089266
108050301 0.213238 0.0864017 0.21062 0.183658 0.217468 0.0886153
109050301 0.2093 0.0863426 0.210294 0.215404 0.188415 0.0902444
110050301 0.202507 0.0803005 0.204014 0.209044 0.213683 0.0904512
106060301 0.216805 0.0661535 0.2098 0.20697 0.216118 0.0841549
107060301 0.220028 0.0779687 0.18267 0.21258 0.218155 0.0885994
108060301 0.21688 0.0778676 0.214455 0.183321 0.219428 0.0880488
109060301 0.213077 0.0777587 0.214139 0.214994 0.190435 0.0895964
110060301 0.205784 0.0726041 0.207674 0.208691 0.215583 0.0896634
107070301 0.222472 0.0899612 0.155668 0.217915 0.220739 0.0932451
108070301 0.219542 0.0898745 0.187571 0.188543 0.221898 0.0925714
109070301 0.21577 0.0897098 0.187249 0.22025 0.192899 0.0941217
110070301 0.208676 0.0835582 0.18172 0.213845 0.218032 0.0941688
108080301 0.216364 0.0897833 0.219484 0.158952 0.223443 0.0919738
109080301 0.212669 0.0896571 0.218988 0.191101 0.194231 0.0933544
110080301 0.205664 0.083475 0.212432 0.185505 0.219297 0.0936267
109090301 0.208694 0.089518 0.219046 0.222822 0.1651 0.0948198
110090301 0.201896 0.0833555 0.21213 0.216249 0.191332 0.0950374
110100301 0.195288 0.0775515 0.206022 0.21019 0.215687 0.0952614
104040401 0.212548 0.0792803 0.201161 0.21554 0.208419 0.0830514
105040401 0.211494 0.0808529 0.201828 0.210361 0.212551 0.082914
106040401 0.215332 0.0724026 0.205597 0.211833 0.209553 0.0852831
107040401 0.219771 0.0843495 0.178835 0.217231 0.21376 0.086054
108040401 0.216294 0.0841956 0.210493 0.187991 0.215015 0.0860105
109040401 0.212291 0.0841405 0.210151 0.219636 0.186255 0.0875266
110040401 0.205161 0.0783211 0.204034 0.213119 0.211426 0.0879393
105050401 0.210224 0.0825803 0.202248 0.207228 0.213232 0.084488
106050401 0.214542 0.07415 0.206647 0.208643 0.212257 0.083762
107050401 0.21816 0.0860836 0.179564 0.214072 0.216272 0.0858485
108050401 0.214504 0.0858979 0.211198 0.184856 0.217694 0.0858509
109050401 0.210579 0.0858088 0.210972 0.216413 0.188718 0.087509
110050401 0.203625 0.0798744 0.204731 0.210005 0.213912 0.087852
106060401 0.217833 0.0656763 0.210428 0.209873 0.211587 0.0846026
107060401 0.221612 0.0775954 0.183327 0.215567 0.21515 0.0867496
108060401 0.218104 0.0773465 0.215087 0.186281 0.216385 0.0867963
109060401 0.214222 0.0772451 0.214804 0.217854 0.187471 0.088404
110060401 0.206789 0.072216 0.208409 0.211342 0.212661 0.0885827
107070401 0.2248 0.0896062 0.15648 0.220793 0.219374 0.0889466
108070401 0.221379 0.0893452 0.188176 0.191693 0.220422 0.0889843
109070401 0.217558 0.089232 0.18788 0.223281 0.19151 0.0905392
110070401 0.210318 0.0831882 0.182454 0.216634 0.21659 0.0908155
108080401 0.217463 0.0892461 0.22006 0.162169 0.221953 0.0891082
109080401 0.214021 0.089028 0.219484 0.194109 0.192832 0.0905259
110080401 0.206923 0.0829437 0.213052 0.188339 0.217882 0.0908605
109090401 0.209997 0.0890302 0.219599 0.225677 0.163733 0.091963
110090401 0.2031 0.0828853 0.212818 0.218924 0.189986 0.092286
110100401 0.196383 0.0771301 0.206778 0.212681 0.214324 0.0927029
105050501 0.208837 0.084308 0.202862 0.205967 0.210231 0.0877944
106050501 0.214181 0.0758803 0.207221 0.207332 0.211377 0.0840087
107050501 0.216922 0.0878799 0.180057 0.212767 0.214985 0.0873886
108050501 0.213126 0.0876091 0.211701 0.183344 0.216727 0.0874924
109050501 0.209322 0.0875258 0.211398 0.214826 0.187596 0.0893334
110050501 0.202486 0.081399 0.205127 0.20868 0.212792 0.0895158
106060501 0.218097 0.0674811 0.211568 0.208412 0.212633 0.0818088
107060501 0.22099 0.0793518 0.184416 0.214001 0.215994 0.0852471
108060501 0.21719 0.0790425 0.216169 0.18469 0.217458 0.0854493
109060501 0.213403 0.0789577 0.215871 0.216224 0.18845 0.0870934
110060501 0.20606 0.0737736 0.20937 0.209902 0.213583 0.0873119
107070501 0.223247 0.0913349 0.157181 0.219388 0.220025 0.0888238
108070501 0.219688 0.0910647 0.189034 0.190053 0.221324 0.0888359
109070501 0.215917 0.0909554 0.188716 0.221616 0.192243 0.090552
110070501 0.208874 0.0847652 0.183158 0.215211 0.217296 0.0906967
108080501 0.215613 0.0909303 0.220922 0.16043 0.223052 0.089052
109080501 0.212104 0.0907313 0.220412 0.192337 0.193774 0.0906418
110080501 0.205208 0.084513 0.213828 0.186756 0.2188 0.0908947
109090501 0.20812 0.0907244 0.220436 0.223971 0.16449 0.092259
110090501 0.201484 0.0844334 0.213558 0.217364 0.190744 0.0924165
110100501 0.195106 0.0784968 0.207402 0.211247 0.215047 0.0927007
106060601 0.220738 0.0594731 0.215562 0.209781 0.213178 0.0812672
107060601 0.223909 0.0708428 0.188185 0.215301 0.217121 0.0846413
108060601 0.220145 0.0706629 0.219933 0.185909 0.218398 0.0849514
109060601 0.216506 0.0704533 0.219671 0.217425 0.189405 0.0865404
110060601 0.208691 0.0662314 0.212912 0.210989 0.214457 0.086719
107070601 0.226575 0.0827675 0.160939 0.220788 0.220766 0.088164
108070601 0.22278 0.08251 0.192865 0.191472 0.221878 0.088496
109070601 0.219109 0.0823734 0.192516 0.22298 0.192949 0.0900723
110070601 0.211588 0.0770755 0.186822 0.216475 0.217864 0.0901757
108080601 0.218927 0.0823982 0.224743 0.161698 0.223445 0.0887884
109080601 0.215438 0.0821333 0.224268 0.193688 0.19422 0.0902524
110080601 0.208048 0.0768332 0.217498 0.188015 0.219149 0.0904566
109090601 0.211656 0.0820906 0.224268 0.225216 0.165012 0.0917573
110090601 0.204426 0.0767227 0.217214 0.218564 0.191189 0.0918835
110100601 0.197443 0.0716927 0.210875 0.212388 0.215473 0.0921291
107070701 0.228507 0.094601 0.133865 0.225848 0.224932 0.092247
108070701 0.224955 0.0945202 0.165765 0.196661 0.22597 0.092128
109070701 0.221224 0.0943109 0.165516 0.228266 0.197043 0.0936407
110070701 0.213992 0.0880444 0.1606 0.22162 0.221959 0.0937843
108080701 0.22114 0.0943037 0.197826 0.167101 0.227294 0.092336
109080701 0.217652 0.0941878 0.197301 0.199024 0.198142 0.0936936
110080701 0.210536 0.0878748 0.191486 0.193223 0.222985 0.0938946
109090701 0.213812 0.0940534 0.197271 0.230715 0.168993 0.0951557
110090701 0.206922 0.0877144 0.191203 0.223824 0.195009 0.0953277
110100701 0.200166 0.0816877 0.185649 0.217619 0.219271 0.0956072
108080801 0.217495 0.0940184 0.229667 0.137499 0.228628 0.0926919
109080801 0.213761 0.0940481 0.22915 0.169449 0.199645 0.0939466
110080801 0.206877 0.0876926 0.222269 0.164514 0.224442 0.0942057
109090801 0.210153 0.0939546 0.228913 0.201466 0.170216 0.0952977
110090801 0.203318 0.0875423 0.221864 0.195458 0.196361 0.0954557
110100801 0.196732 0.0815381 0.215387 0.190035 0.220474 0.0958331
109090901 0.206451 0.0937721 0.229081 0.232905 0.141116 0.0966757
110090901 0.199612 0.0874377 0.221883 0.226153 0.168081 0.0968339
110100901 0.19312 0.081464 0.215189 0.219711 0.193416 0.0971005
110101001 0.186679 0.0757183 0.209113 0.213792 0.217199 0.0974973
102020202 0.209811 0.0772543 0.197 0.204682 0.221376 0.0898761
103020202 0.211082 0.0791984 0.196926 0.203196 0.21902 0.0905779
104020202 0.210626 0.0807915 0.197941 0.20534 0.21749 0.0878111
105020202 0.208631 0.0790971 0.20339 0.203773 0.217544 0.0875648
106020202 0.213122 0.0713186 0.200371 0.209601 0.218384 0.0872038
107020202 0.216272 0.0832057 0.174817 0.209686 0.225123 0.0908957
108020202 0.21287 0.0832756 0.206431 0.181015 0.22288 0.0935283
109020202 0.21053 0.0833169 0.206701 0.212768 0.194995 0.0916897
110020202 0.20315 0.0773404 0.20036 0.206642 0.219817 0.0926898
103030202 0.210884 0.0810487 0.198273 0.20192 0.216757 0.0911174
104030202 0.210728 0.0813688 0.200146 0.204255 0.215067 0.0884362
105030202 0.209436 0.0805639 0.20212 0.204128 0.215479 0.0882725
106030202 0.213916 0.0727293 0.201046 0.206935 0.217634 0.0877404
107030202 0.217116 0.0847727 0.175463 0.208225 0.221932 0.0924902
108030202 0.214034 0.0848088 0.207198 0.179955 0.220652 0.0933525
109030202 0.211213 0.0846913 0.20733 0.211633 0.192732 0.0924
110030202 0.20377 0.0787074 0.200995 0.205474 0.217672 0.0933819
104040202 0.211202 0.0822252 0.198784 0.208297 0.213683 0.085809
105040202 0.209478 0.0815377 0.202841 0.204796 0.215633 0.0857134
106040202 0.213815 0.07382 0.20179 0.209358 0.214536 0.0866807
107040202 0.21762 0.0857961 0.176254 0.210842 0.220503 0.0889854
108040202 0.214182 0.08577 0.207864 0.182497 0.219125 0.0905614
109040202 0.211316 0.0856855 0.208004 0.21409 0.191309 0.0895951
110040202 0.203922 0.0795591 0.201782 0.207753 0.216216 0.0907679
105050202 0.208305 0.0806317 0.206438 0.203338 0.214086 0.0872011
106050202 0.213137 0.0730384 0.205928 0.207711 0.215077 0.0851081
107050202 0.216098 0.0850497 0.180128 0.209223 0.220839 0.0886621
108050202 0.212375 0.08493 0.211787 0.180782 0.219713 0.0904131
109050202 0.209649 0.0848257 0.211894 0.212397 0.19168 0.0895547
110050202 0.202198 0.0788509 0.205463 0.206196 0.216662 0.0906296
106060202 0.216881 0.06543 0.204719 0.212077 0.216378 0.0845148
107060202 0.220023 0.0772707 0.179039 0.213728 0.221683 0.0882563
108060202 0.216396 0.0771683 0.210782 0.185272 0.220315 0.0900665
109060202 0.213694 0.0771132 0.21079 0.216795 0.192495 0.0891126
110060202 0.205848 0.0719465 0.204378 0.210442 0.217222 0.0901634
107070202 0.222729 0.0892115 0.153312 0.215007 0.227642 0.0920983
108070202 0.219084 0.0891349 0.185139 0.186684 0.226172 0.0937862
109070202 0.216448 0.0890236 0.185241 0.218317 0.198203 0.0927674
110070202 0.208774 0.0828691 0.179676 0.211997 0.222893 0.0937908
108080202 0.215362 0.0892017 0.216968 0.157839 0.225027 0.0956011
109080202 0.212825 0.089011 0.216893 0.189917 0.196947 0.0944067
110080202 0.205312 0.0827767 0.210314 0.184407 0.221709 0.095481
109090202 0.209895 0.0890369 0.21728 0.221542 0.168866 0.0933798
110090202 0.202598 0.082705 0.210425 0.215054 0.194733 0.0944854
110100202 0.195411 0.0768482 0.204383 0.208874 0.218851 0.0956325
103030302 0.21119 0.0837478 0.199738 0.200553 0.213459 0.0913123
104030302 0.210927 0.0822222 0.202697 0.202944 0.212553 0.0886568
105030302 0.209872 0.0825143 0.201368 0.204429 0.213138 0.0886789
106030302 0.214344 0.0745446 0.202206 0.203912 0.216746 0.0882476
107030302 0.217572 0.0866161 0.176671 0.206841 0.218583 0.0937175
108030302 0.214961 0.0867227 0.208593 0.178462 0.218231 0.0930297
109030302 0.211565 0.0865778 0.20855 0.210234 0.190176 0.092897
110030302 0.204181 0.0804593 0.202188 0.204059 0.215315 0.0937979
104040302 0.21164 0.0817483 0.202458 0.206969 0.210967 0.0862178
105040302 0.210413 0.0819793 0.20326 0.20507 0.213163 0.0861154
106040302 0.214677 0.0741273 0.204005 0.206597 0.213592 0.0870016
107040302 0.218517 0.0861841 0.178523 0.209417 0.217064 0.0902952
108040302 0.215487 0.0862808 0.210323 0.18107 0.216586 0.0902536
109040302 0.212102 0.0860593 0.210241 0.212804 0.188646 0.0901476
110040302 0.204677 0.0799835 0.203901 0.20642 0.213814 0.0912051
105050302 0.209792 0.0820113 0.203346 0.205212 0.211841 0.0877979
106050302 0.214632 0.074347 0.204719 0.206501 0.214292 0.0855089
107050302 0.217628 0.0864248 0.178973 0.209345 0.217613 0.0900172
108050302 0.214405 0.0863894 0.21075 0.180902 0.217365 0.0901893
109050302 0.211096 0.0862077 0.210643 0.212669 0.189229 0.0901551
110050302 0.203664 0.0801383 0.204269 0.206348 0.214407 0.0911742
106060302 0.218303 0.0666606 0.205412 0.20762 0.216926 0.0850788
107060302 0.221508 0.0785442 0.179709 0.210772 0.219885 0.0895817
108060302 0.218282 0.078514 0.211574 0.182356 0.219462 0.0898111
109060302 0.215042 0.0783359 0.211435 0.214014 0.191451 0.0897213
110060302 0.207214 0.0730793 0.204945 0.20772 0.216449 0.0905928
107070302 0.224086 0.09068 0.154219 0.213468 0.223254 0.0942927
108070302 0.22103 0.0906164 0.186029 0.185076 0.222783 0.0944654
109070302 0.217825 0.0903721 0.185967 0.216815 0.19468 0.0943412
110070302 0.210134 0.0841255 0.180335 0.210523 0.2197 0.0951827
108080302 0.217862 0.0906177 0.217986 0.156238 0.222666 0.0946309
109080302 0.214643 0.090459 0.217752 0.188451 0.194374 0.0943217
110080302 0.207047 0.0841417 0.21112 0.182956 0.219381 0.0953548
109090302 0.211066 0.0903917 0.217986 0.220209 0.16617 0.0941761
110090302 0.203812 0.0839281 0.211042 0.213729 0.192287 0.0952017
110100302 0.196655 0.077992 0.204957 0.207649 0.216547 0.0962005
104040402 0.212523 0.0821932 0.19952 0.212687 0.209522 0.083555
105040402 0.211522 0.0821661 0.201917 0.207486 0.213275 0.0836343
106040402 0.215631 0.0744621 0.20261 0.210774 0.210462 0.0860607
107040402 0.220118 0.0864596 0.177264 0.213735 0.215536 0.0868873
108040402 0.216623 0.0864216 0.208974 0.185309 0.215076 0.0875967
109040402 0.213155 0.0863413 0.208812 0.216916 0.187297 0.0874802
110040402 0.205589 0.0801583 0.202674 0.210472 0.212346 0.0887603
105050402 0.210544 0.0822234 0.204172 0.20417 0.213594 0.0852973
106050402 0.215083 0.0746974 0.205502 0.207378 0.2128 0.0845393
107050402 0.218732 0.086677 0.179758 0.210352 0.21782 0.0866618
108050402 0.215026 0.0866238 0.211483 0.18192 0.217475 0.0874715
109050402 0.211656 0.0864631 0.211454 0.213505 0.189451 0.0874702
110050402 0.204192 0.0803355 0.205124 0.207139 0.214551 0.0886589
106060402 0.218704 0.0670194 0.20616 0.210341 0.212325 0.085452
107060402 0.222344 0.0789707 0.18047 0.213643 0.216893 0.087678
108060402 0.218819 0.078849 0.212316 0.185132 0.216347 0.0885365
109060402 0.21543 0.0787387 0.212199 0.216716 0.18846 0.0884561
110060402 0.207599 0.0734435 0.205777 0.210231 0.213457 0.0894912
107070402 0.225639 0.0910917 0.155136 0.21623 0.221918 0.0899848
108070402 0.222123 0.0908766 0.186795 0.18807 0.221324 0.0908129
109070402 0.218792 0.0907161 0.186735 0.219705 0.193376 0.0906751
110070402 0.211143 0.0844074 0.18121 0.213176 0.218281 0.091782
108080402 0.21829 0.0909295 0.218693 0.159224 0.22114 0.0917224
109080402 0.215274 0.0906999 0.218402 0.191271 0.192945 0.0914079
110080402 0.207708 0.0843036 0.211898 0.185597 0.217923 0.0925721
109090402 0.211618 0.0907525 0.218658 0.22291 0.16482 0.0912423
110090402 0.204346 0.0841831 0.211871 0.216237 0.190935 0.0924276
110100402 0.19716 0.0782364 0.205793 0.209975 0.215207 0.0936284
105050502 0.209461 0.082339 0.206456 0.202878 0.210376 0.0884899
106050502 0.215071 0.0748315 0.207682 0.205959 0.211745 0.0847119
107050502 0.217858 0.0868401 0.18184 0.208994 0.216331 0.0881366
108050502 0.214005 0.0866473 0.213535 0.180373 0.216378 0.0890609
109050502 0.210747 0.0865008 0.213462 0.211909 0.188131 0.0892501
110050502 0.203286 0.080417 0.207019 0.205779 0.213244 0.0902557
106060502 0.219328 0.0673023 0.208844 0.208893 0.213142 0.0824906
107060502 0.222092 0.0792466 0.183095 0.211998 0.217594 0.0859749
108060502 0.218278 0.0789759 0.214912 0.183537 0.217259 0.0870381
109060502 0.21505 0.0788645 0.214748 0.215109 0.189228 0.087001
110060502 0.207119 0.0735975 0.208239 0.208721 0.21424 0.0880833
107070502 0.22441 0.0912898 0.157328 0.214837 0.222462 0.0896734
108070502 0.220751 0.0910462 0.189111 0.186432 0.222136 0.0905231
109070502 0.217542 0.0908895 0.189016 0.218053 0.193972 0.090527
110070502 0.20987 0.0846225 0.183368 0.211704 0.218926 0.0915092
108080502 0.216708 0.0910349 0.221012 0.157544 0.222105 0.0915959
109080502 0.213735 0.0907635 0.220731 0.189557 0.193777 0.0914353
110080502 0.206176 0.0844325 0.214084 0.184027 0.218776 0.0925042
109090502 0.21021 0.0907851 0.221019 0.221167 0.165399 0.0914206
110090502 0.203008 0.0842978 0.214001 0.214685 0.191585 0.0924237
110100502 0.195976 0.0783173 0.207829 0.208536 0.215828 0.0935135
106060602 0.222398 0.0599197 0.209569 0.211906 0.214099 0.082109
107060602 0.225326 0.0714376 0.183773 0.215039 0.21891 0.0855146
108060602 0.221523 0.0713108 0.215604 0.186512 0.218417 0.086634
109060602 0.218387 0.0711454 0.215411 0.218056 0.190411 0.0865894
110060602 0.210103 0.0667643 0.208765 0.211487 0.21532 0.0875611
107070602 0.227929 0.0835035 0.158029 0.217904 0.223455 0.089179
108070602 0.224048 0.0832363 0.189956 0.189591 0.222868 0.0903005
109070602 0.220885 0.0830749 0.189769 0.221164 0.19492 0.0901871
110070602 0.212858 0.0776497 0.18405 0.214678 0.219653 0.0911117
108080602 0.220264 0.0832149 0.221839 0.160597 0.222681 0.0914044
109080602 0.217227 0.0829412 0.22158 0.192659 0.194428 0.0911641
110080602 0.209281 0.0774526 0.214832 0.186993 0.219269 0.0921717
109090602 0.213881 0.0829873 0.221664 0.224228 0.166226 0.0910129
110090602 0.206169 0.0773247 0.214663 0.217587 0.192243 0.0920132
110100602 0.198621 0.0721292 0.208413 0.211322 0.216447 0.0930671
107070702 0.229797 0.0954299 0.132505 0.22048 0.228471 0.093317
108070702 0.2263 0.0952868 0.164351 0.192174 0.227808 0.0940801
109070702 0.223086 0.0951032 0.164305 0.223816 0.199807 0.0938826
110070702 0.215319 0.0886606 0.159343 0.217301 0.224517 0.0948601
108080702 0.222478 0.0951319 0.196301 0.163536 0.227499 0.0950546
109080702 0.219454 0.0950015 0.196032 0.195542 0.199235 0.0947346
110080702 0.211748 0.088489 0.190161 0.189858 0.224011 0.0957325
109090702 0.216027 0.0949402 0.196208 0.227255 0.17103 0.0945399
110090702 0.208633 0.0883092 0.190082 0.220526 0.196878 0.0955727
110100702 0.201287 0.0821249 0.184583 0.214335 0.221056 0.0966142
108080802 0.218785 0.0949487 0.228251 0.134756 0.227123 0.0961358
109080802 0.215636 0.0949574 0.227854 0.166733 0.199054 0.0957654
110080802 0.208171 0.0884112 0.220965 0.161824 0.223857 0.0967714
109090802 0.21236 0.0949605 0.227896 0.198765 0.170592 0.0954259
110090802 0.205045 0.0882425 0.22079 0.192879 0.196625 0.0964189
110100802 0.197885 0.0820561 0.214356 0.187434 0.220724 0.0975452
109090902 0.209091 0.0948836 0.228121 0.230262 0.142413 0.0952294
110090902 0.201716 0.0882263 0.220996 0.223597 0.169239 0.0962257
110100902 0.194688 0.0819431 0.214319 0.217201 0.194469 0.0973798
110101002 0.187739 0.0761927 0.20823 0.211326 0.218095 0.0984168
103030303 0.210081 0.0867444 0.201238 0.200178 0.209873 0.0918863
104030303 0.21018 0.083668 0.20567 0.202161 0.209422 0.0888999
105030303 0.209468 0.0849936 0.201327 0.205287 0.209776 0.0891489
106030303 0.213954 0.0769228 0.203951 0.201643 0.214923 0.0886075
107030303 0.21712 0.0892529 0.178391 0.20604 0.214213 0.0949835
108030303 0.215 0.0891713 0.210609 0.177769 0.214777 0.0926734
109030303 0.211036 0.0890429 0.210266 0.209588 0.186711 0.0933565
110030303 0.203919 0.0826919 0.203894 0.203329 0.211958 0.094207
104040303 0.21097 0.0816141 0.206773 0.205851 0.208371 0.0864215
105040303 0.209976 0.0828042 0.204229 0.205787 0.210663 0.0865415
106040303 0.214425 0.0748862 0.206789 0.203966 0.212615 0.0873184
107040303 0.218202 0.0869871 0.181403 0.208406 0.213593 0.091409
108040303 0.215577 0.0870077 0.213377 0.180138 0.214053 0.0898478
109040303 0.211616 0.086821 0.213113 0.211857 0.186076 0.0905164
110040303 0.204278 0.0806887 0.206694 0.205451 0.211387 0.0915003
105050303 0.209614 0.0837843 0.201347 0.207494 0.209376 0.0883849
106050303 0.214498 0.0761561 0.204403 0.205638 0.213226 0.0860798
107050303 0.217403 0.0883089 0.178783 0.210062 0.214014 0.0914296
108050303 0.214665 0.0882064 0.210744 0.181665 0.214723 0.0899956
109050303 0.210634 0.0880746 0.210484 0.213472 0.186523 0.0908118
110050303 0.203452 0.0818552 0.204091 0.207037 0.211839 0.0917246
106060303 0.218217 0.06849 0.206997 0.203433 0.217187 0.0856747
107060303 0.221492 0.0803695 0.181338 0.208112 0.217786 0.0909016
108060303 0.218706 0.0803258 0.21337 0.179749 0.218321 0.0895282
109060303 0.214847 0.0801285 0.213094 0.211426 0.190278 0.0902259
110060303 0.207127 0.0747278 0.206535 0.20517 0.215376 0.0910639
107070303 0.224022 0.0924548 0.155813 0.21243 0.218858 0.0964225
108070303 0.221377 0.0924727 0.187959 0.184101 0.219142 0.0949483
109070303 0.217456 0.0922318 0.187665 0.215882 0.191057 0.0957081
110070303 0.209947 0.0858431 0.182031 0.209525 0.216216 0.0964376
108080303 0.218643 0.0924223 0.220125 0.155368 0.219979 0.0934624
109080303 0.214784 0.0922408 0.219708 0.187532 0.191673 0.0940629
110080303 0.207306 0.0858106 0.213005 0.181989 0.216793 0.0950962
109090303 0.21075 0.0921024 0.219634 0.2194 0.163361 0.0947528
110090303 0.20343 0.0856266 0.212753 0.212801 0.189681 0.0957088
110100303 0.196459 0.0794742 0.206525 0.206784 0.214069 0.0966887
104040403 0.211983 0.080622 0.205169 0.21138 0.206853 0.083993
105040403 0.211485 0.0815654 0.204318 0.207863 0.210645 0.084124
106040403 0.215808 0.0737276 0.206804 0.207952 0.209345 0.0863634
107040403 0.220164 0.085834 0.181531 0.212336 0.211943 0.088192
108040403 0.217009 0.0857603 0.213397 0.184075 0.212407 0.0873525
109040403 0.21305 0.0855707 0.213005 0.215809 0.184561 0.0880045
110040403 0.20555 0.0795794 0.206671 0.209259 0.209786 0.0891536
105050403 0.2109 0.0825299 0.203202 0.206399 0.211198 0.0857709
106050403 0.215634 0.0749463 0.206355 0.206351 0.211821 0.0848927
107050403 0.21915 0.0870223 0.180765 0.2107 0.214325 0.088037
108050403 0.215844 0.0869598 0.212588 0.1824 0.214909 0.0872994
109050403 0.211934 0.0867385 0.212311 0.214095 0.18683 0.0880914
110050403 0.204581 0.0806597 0.20592 0.20756 0.212091 0.0891886
106060403 0.219326 0.0672934 0.208827 0.205968 0.212761 0.0858248
107060403 0.223011 0.0792146 0.183246 0.21079 0.214885 0.0888527
108060403 0.219808 0.0790985 0.215193 0.182445 0.215313 0.0881417
109060403 0.21593 0.0788746 0.214885 0.214149 0.187302 0.08886
110060403 0.208131 0.0736209 0.20835 0.207649 0.212486 0.0897634
107070403 0.226074 0.0913768 0.157982 0.215051 0.217476 0.0920395
108070403 0.22303 0.0912354 0.189781 0.186784 0.217776 0.091393
109070403 0.21919 0.0909922 0.189482 0.218497 0.189758 0.0920825
110070403 0.211547 0.0847296 0.183862 0.21192 0.214907 0.0930337
108080403 0.21968 0.091183 0.221823 0.158087 0.218645 0.0905826
109080403 0.216004 0.0908902 0.22129 0.190268 0.190301 0.0912465
110080403 0.208458 0.0845694 0.21468 0.1845 0.215426 0.0923662
109090403 0.211879 0.0907883 0.221351 0.221988 0.162183 0.0918105
110090403 0.204635 0.0843868 0.214379 0.215224 0.188397 0.0929775
110100403 0.197485 0.0784119 0.208198 0.209015 0.212812 0.0940778
105050503 0.210344 0.0835467 0.202184 0.206805 0.207992 0.0891275
106050503 0.2161 0.0759752 0.205311 0.206681 0.21078 0.0851533
107050503 0.218724 0.0881042 0.179597 0.211101 0.212895 0.0895781
108050503 0.215287 0.0878861 0.211418 0.182648 0.213833 0.0889292
109050503 0.211457 0.0877384 0.211078 0.214258 0.185529 0.0899401
110050503 0.2041 0.081537 0.204708 0.20794 0.210844 0.0908716
106060503 0.220313 0.0685554 0.208331 0.20619 0.213583 0.0830277
107060503 0.223189 0.0804978 0.182691 0.210835 0.215497 0.0872907
108060503 0.219779 0.0802594 0.214565 0.182478 0.216135 0.0867836
109060503 0.215956 0.080073 0.214267 0.214192 0.187982 0.0875292
110060503 0.208151 0.0747322 0.207693 0.207738 0.213158 0.0885277
107070503 0.22526 0.092583 0.157042 0.215242 0.217944 0.0919295
108070503 0.222192 0.0924285 0.188928 0.186734 0.21848 0.0912382
109070503 0.218367 0.0921829 0.188639 0.218477 0.190262 0.0920722
110070503 0.210801 0.0858503 0.182959 0.211991 0.215438 0.0929597
108080503 0.218622 0.0922628 0.220964 0.158011 0.219542 0.090598
109080503 0.214971 0.0920463 0.220461 0.19013 0.191007 0.0913852
110080503 0.207512 0.0856501 0.213768 0.184447 0.216152 0.0924711
109090503 0.210841 0.0919644 0.220489 0.221871 0.162676 0.0921586
110090503 0.203784 0.0854546 0.213493 0.215201 0.188928 0.0931389
110100503 0.196865 0.0793469 0.207308 0.209034 0.213313 0.0941335
106060603 0.223259 0.0612628 0.210875 0.206017 0.215917 0.0826683
107060603 0.226359 0.0727586 0.185189 0.210519 0.218267 0.0869081
108060603 0.222953 0.072648 0.217069 0.182118 0.218736 0.0864764
109060603 0.219256 0.0723836 0.216819 0.213757 0.190581 0.087204
110060603 0.211017 0.0678883 0.210032 0.207314 0.215668 0.0880818
107070603 0.228946 0.0847186 0.159522 0.2152 0.220364 0.0912491
108070603 0.225625 0.0845761 0.191496 0.186737 0.220721 0.0908454
109070603 0.221885 0.0843399 0.191162 0.218406 0.192625 0.0915818
110070603 0.213889 0.078796 0.185384 0.211971 0.217609 0.0923506
108080603 0.222245 0.084483 0.223523 0.157898 0.221632 0.0902192
109080603 0.218545 0.0841685 0.22307 0.190083 0.193192 0.0909415
110080603 0.210647 0.0786129 0.216237 0.184438 0.21816 0.091906
109090603 0.214638 0.0840893 0.223059 0.221759 0.164864 0.0915909
110090603 0.207015 0.0783982 0.215921 0.215132 0.191022 0.0925122
110100603 0.199542 0.0730667 0.209607 0.208979 0.215337 0.0934684
107070703 0.230813 0.0967507 0.134002 0.219239 0.222915 0.0962808
108070703 0.227651 0.0966641 0.166054 0.190931 0.223226 0.0954726
109070703 0.223812 0.0963696 0.165804 0.222709 0.195133 0.0961725
110070703 0.216142 0.0898628 0.160731 0.216173 0.220139 0.0969521
108080703 0.224433 0.0964909 0.198127 0.162217 0.223919 0.0948127
109080703 0.22075 0.09635 0.19763 0.194318 0.195489 0.0954632
110080703 0.213075 0.0897657 0.191681 0.188604 0.22047 0.0964033
109090703 0.216678 0.096137 0.197631 0.226191 0.167274 0.09609
110090703 0.209395 0.0895076 0.191393 0.219341 0.193302 0.097061
110100703 0.20215 0.083224 0.1858 0.21321 0.217645 0.0979717
108080803 0.221104 0.0962784 0.230252 0.133593 0.224393 0.0943801
109080803 0.217386 0.0961935 0.229609 0.16564 0.196397 0.0947746
110080803 0.20988 0.0895891 0.222641 0.160701 0.221353 0.0958353
109090803 0.213482 0.0961082 0.229446 0.197841 0.167791 0.095332
110090803 0.206137 0.0893776 0.222243 0.191886 0.193963 0.0963945
110100803 0.199043 0.0831319 0.21575 0.186445 0.218149 0.0974812
109090903 0.209488 0.0958561 0.229539 0.229501 0.139541 0.0960744
110090903 0.20229 0.0891984 0.222233 0.222745 0.166576 0.0969577
110100903 0.195395 0.0829193 0.215478 0.216304 0.191858 0.0980464
110101003 0.188476 0.0771022 0.209283 0.210376 0.215708 0.0990547
104040404 0.213894 0.0802493 0.2005 0.218664 0.205201 0.0814914
105040404 0.212928 0.0813404 0.201423 0.21197 0.210791 0.0815467
106040404 0.217137 0.0736819 0.203764 0.213798 0.206201 0.0854173
107040404 0.222036 0.0858601 0.178688 0.218292 0.210408 0.0847167
108040404 0.2184 0.0855644 0.210486 0.190026 0.210824 0.0846987
109040404 0.214359 0.0855875 0.209983 0.221663 0.183106 0.0853009
110040404 0.206778 0.0794293 0.203951 0.214882 0.208243 0.086717
105050404 0.212748 0.0821648 0.202061 0.207055 0.212656 0.0833144
106050404 0.217264 0.0747007 0.205077 0.208771 0.210183 0.0840055
107050404 0.221472 0.0867031 0.179616 0.213275 0.214265 0.0846692
108050404 0.21758 0.0865773 0.21136 0.184909 0.214906 0.0846682
109050404 0.213639 0.0864139 0.211087 0.216462 0.186955 0.0854432
110050404 0.20609 0.080289 0.204838 0.210033 0.212031 0.0867195
106060404 0.220944 0.0670719 0.207511 0.210145 0.207952 0.0863757
107060404 0.225101 0.0790648 0.182032 0.215144 0.211595 0.0870637
108060404 0.221426 0.0787964 0.21399 0.186651 0.211984 0.0871524
109060404 0.217516 0.07869 0.213538 0.218334 0.184113 0.0878093
110060404 0.209508 0.0734157 0.207149 0.211743 0.209286 0.0888989
107070404 0.228794 0.0911723 0.157036 0.21927 0.215852 0.0878755
108070404 0.225236 0.0908699 0.188637 0.191229 0.216102 0.0879269
109070404 0.221353 0.090754 0.188232 0.222826 0.188291 0.0885446
110070404 0.213481 0.0845039 0.182794 0.216146 0.213285 0.0897904
108080404 0.2212 0.0907948 0.220629 0.162534 0.216928 0.087914
109080404 0.217639 0.090544 0.220012 0.194468 0.188767 0.08857
110080404 0.20997 0.0842161 0.213527 0.188657 0.213811 0.0898195
109090404 0.213457 0.0905763 0.22001 0.226167 0.16075 0.0890401
110090404 0.206086 0.0841353 0.213205 0.219308 0.186911 0.0903546
110100404 0.19875 0.078185 0.207143 0.212904 0.211315 0.0917036
105050504 0.211828 0.0833019 0.202986 0.203973 0.211485 0.0864262
106050504 0.217318 0.0757443 0.206072 0.205786 0.211013 0.0840663
107050504 0.220587 0.087779 0.180358 0.210321 0.214804 0.0861518
108050504 0.216663 0.0875519 0.212093 0.181845 0.215666 0.0861813
109050504 0.212855 0.0873498 0.211875 0.213245 0.187498 0.087177
110050504 0.205324 0.0811759 0.205546 0.207 0.212655 0.088299
106060504 0.221317 0.0682654 0.208983 0.207217 0.210751 0.0834662
107060504 0.224737 0.0802499 0.183319 0.211978 0.214232 0.0854849
108060504 0.220891 0.0799737 0.215215 0.183598 0.214758 0.0855641
109060504 0.217071 0.0797801 0.214935 0.21514 0.186702 0.0863713
110060504 0.20909 0.0744873 0.208405 0.208647 0.211887 0.0874839
107070504 0.227526 0.0923098 0.157863 0.216325 0.218314 0.0876628
108070504 0.223862 0.0920511 0.189577 0.18805 0.218762 0.0876989
109070504 0.220048 0.0918637 0.18932 0.219604 0.190655 0.08851
110070504 0.212337 0.0855335 0.183709 0.213064 0.215721 0.0896349
108080504 0.219578 0.0919676 0.221578 0.159334 0.219768 0.0877751
109080504 0.216186 0.0916519 0.221061 0.19123 0.191319 0.0885523
110080504 0.208593 0.0852512 0.214453 0.185548 0.216411 0.0897442
109090504 0.212089 0.0916506 0.221116 0.222769 0.163074 0.089301
110090504 0.204857 0.0851101 0.214243 0.216089 0.189269 0.0904314
110100504 0.197829 0.0790773 0.208024 0.209875 0.213611 0.0915839
106060604 0.224406 0.06089 0.211544 0.208884 0.209948 0.0843285
107060604 0.227841 0.0724996 0.185806 0.213566 0.213887 0.0864004
108060604 0.224066 0.0722651 0.217711 0.185082 0.214288 0.0865877
109060604 0.220297 0.0720236 0.217436 0.216635 0.186228 0.0873807
110060604 0.211965 0.0676457 0.210685 0.210002 0.211396 0.0883062
107070604 0.231003 0.0846401 0.160258 0.218122 0.217539 0.0884376
108070604 0.227185 0.0842865 0.192145 0.189858 0.217804 0.0887221
109070604 0.223392 0.0841168 0.191756 0.221452 0.189832 0.0894511
110070604 0.21526 0.0786393 0.186055 0.214793 0.214812 0.0904407
108080604 0.22312 0.0841774 0.224187 0.161022 0.218625 0.088869
109080604 0.219718 0.0838099 0.223658 0.193023 0.19024 0.0895511
110080604 0.211745 0.0782859 0.2169 0.187215 0.21528 0.0905739
109090604 0.215735 0.0838607 0.223573 0.224662 0.162 0.0901689
110090604 0.208007 0.0781484 0.216593 0.217812 0.188239 0.0912009
110100604 0.200413 0.0728852 0.210282 0.211474 0.212634 0.0923121
107070704 0.233492 0.096576 0.134958 0.222033 0.221882 0.0910592
108070704 0.229921 0.0963971 0.166784 0.194027 0.221895 0.0909766
109070704 0.226076 0.096159 0.166527 0.22563 0.194015 0.0915943
110070704 0.218225 0.0896894 0.161572 0.218869 0.218921 0.0927236
108080704 0.225897 0.0961558 0.198761 0.165512 0.222563 0.09111
109080704 0.222441 0.0959635 0.198157 0.197513 0.19423 0.0916953
110080704 0.214662 0.089397 0.192351 0.191603 0.21916 0.0928273
109090704 0.218403 0.0958715 0.198136 0.229203 0.166113 0.0922741
110090704 0.210922 0.089249 0.192078 0.222201 0.192117 0.0934323
110100704 0.203569 0.0829643 0.186522 0.215853 0.21645 0.0946421
108080804 0.222015 0.0959948 0.230742 0.136809 0.223113 0.0913251
109080804 0.21831 0.0958255 0.230124 0.168838 0.195098 0.0918035
110080804 0.210836 0.0891809 0.223277 0.163708 0.220038 0.0929608
109090804 0.214684 0.0957073 0.229854 0.20083 0.16657 0.0923549
110090804 0.207336 0.0889405 0.222803 0.194729 0.192703 0.0934888
110100804 0.20012 0.0827258 0.216355 0.189149 0.216957 0.0946935
109090904 0.210787 0.0955689 0.22997 0.232293 0.138409 0.0929724
110090904 0.20351 0.0889064 0.222815 0.225366 0.1654 0.0940036
110100904 0.196422 0.0826208 0.216144 0.218798 0.190753 0.095263
110101004 0.189418 0.076824 0.209953 0.212762 0.21457 0.0964732
105050505 0.211166 0.0843433 0.203755 0.202726 0.206767 0.091243
106050505 0.21746 0.0767698 0.207067 0.204743 0.208148 0.085812
107050505 0.219664 0.0889671 0.181219 0.209223 0.211698 0.0892295
108050505 0.215705 0.0886124 0.213014 0.18057 0.212733 0.089366
109050505 0.211804 0.0884871 0.212749 0.2122 0.184337 0.0904237
110050505 0.204547 0.0821752 0.20632 0.205973 0.209676 0.0913082
106060505 0.22244 0.0693732 0.210005 0.206124 0.20989 0.082168
107060505 0.224898 0.0813817 0.184295 0.210823 0.213164 0.0854384
108060505 0.220887 0.0809686 0.21618 0.182328 0.213956 0.0856811
109060505 0.217209 0.0807641 0.215829 0.213819 0.185758 0.0866214
110060505 0.209146 0.0753611 0.209248 0.207548 0.211015 0.0876813
107070505 0.22679 0.0934133 0.158534 0.215295 0.216905 0.0890629
108070505 0.222993 0.0930917 0.190415 0.186799 0.217669 0.0890332
109070505 0.219244 0.0929265 0.190095 0.218304 0.189359 0.0900726
110070505 0.211595 0.0865205 0.184388 0.211986 0.214471 0.0910394
108080505 0.218756 0.0929216 0.22234 0.157802 0.21885 0.0893315
109080505 0.215225 0.0926214 0.221865 0.189773 0.190326 0.0901896
110080505 0.207696 0.0861678 0.215183 0.184267 0.215446 0.0912399
109090505 0.211308 0.092525 0.221846 0.221392 0.161786 0.0911435
110090505 0.204125 0.0859958 0.21487 0.214797 0.188096 0.0921165
110100505 0.197301 0.079776 0.208663 0.208665 0.212552 0.0930428
106060605 0.226081 0.0623148 0.212961 0.207652 0.210934 0.0800573
107060605 0.228688 0.0738103 0.187213 0.212149 0.21477 0.0833701
108060605 0.224609 0.0735253 0.219074 0.183766 0.215306 0.0837199
