10101 0.204954 0.0790773 0.203085 0.209796 0.213234 0.089854
10102 0.206312 0.0795771 0.201786 0.207248 0.214115 0.0909616
10103 0.206903 0.0806127 0.202813 0.206263 0.211976 0.0914314
10104 0.208057 0.0801777 0.203404 0.208758 0.210588 0.0890152
10105 0.206607 0.0816145 0.204149 0.207289 0.211323 0.089017
10106 0.209908 0.073917 0.207493 0.208457 0.21168 0.0885465
10107 0.212489 0.0847593 0.182131 0.213449 0.215351 0.0918208
10108 0.209253 0.0845713 0.211841 0.185874 0.216493 0.0919674
10109 0.205708 0.0845351 0.211637 0.215488 0.189308 0.093324
10110 0.199294 0.0790037 0.205676 0.209637 0.212927 0.0934623
10202 0.207064 0.0800434 0.200931 0.205209 0.215023 0.0917304
10203 0.208331 0.0812303 0.201514 0.203862 0.212794 0.092269
10204 0.208859 0.0814883 0.202229 0.206192 0.211396 0.0898358
10205 0.207652 0.0815844 0.204306 0.204733 0.212011 0.0897134
10206 0.211177 0.0745022 0.2049 0.207498 0.21257 0.0893525
10207 0.213757 0.0853829 0.180821 0.210288 0.21705 0.0927011
10208 0.210519 0.0852752 0.210565 0.183432 0.216684 0.0935252
10209 0.20744 0.0852156 0.210537 0.213054 0.190305 0.093449
10210 0.200548 0.0795245 0.204541 0.207273 0.213829 0.0942845
10303 0.20808 0.0826869 0.203029 0.203011 0.210456 0.0927367
10304 0.209111 0.0816611 0.204659 0.205176 0.209143 0.0902493
10305 0.208344 0.082612 0.2039 0.205178 0.209669 0.0902968
10306 0.21197 0.0754917 0.206124 0.205127 0.211547 0.0897399
10307 0.21444 0.0864713 0.182109 0.20913 0.213822 0.0940269
10308 0.211567 0.0863403 0.21198 0.18239 0.21427 0.0934515
10309 0.20797 0.0862044 0.211752 0.212158 0.187833 0.0940827
10310 0.201181 0.0804584 0.205668 0.20628 0.211567 0.0948458
10404 0.210538 0.0813629 0.203565 0.208925 0.207598 0.0880113
10405 0.209425 0.0823122 0.204496 0.205994 0.209863 0.0879095
10406 0.21289 0.0752798 0.206689 0.207593 0.208851 0.0886967
10407 0.215976 0.0862018 0.182679 0.211725 0.212593 0.0908255
10408 0.212713 0.0859741 0.212484 0.18498 0.212998 0.090851
10409 0.209085 0.0858794 0.212293 0.214594 0.186683 0.0914657
10410 0.202185 0.0801741 0.206323 0.208559 0.210344 0.092414
10505 0.208888 0.0830717 0.205065 0.204819 0.208783 0.0893733
10506 0.212676 0.0762009 0.207837 0.206252 0.209665 0.087369
10507 0.21501 0.0872006 0.183604 0.210355 0.213204 0.0906257
10508 0.211503 0.0869198 0.21343 0.183544 0.213835 0.0907676
10509 0.208003 0.086783 0.213221 0.213188 0.187288 0.0915169
10510 0.201133 0.0810337 0.207132 0.207307 0.211014 0.0923806
10606 0.215553 0.0692995 0.210007 0.207443 0.210731 0.0869665
10607 0.218059 0.0801035 0.185782 0.211864 0.213905 0.0902861
10608 0.214667 0.0798037 0.215697 0.185029 0.2143 0.0905037
10609 0.211218 0.0796937 0.215421 0.214618 0.187903 0.091147
10610 0.203979 0.0746881 0.209209 0.208691 0.211493 0.0919399
10707 0.220153 0.0909963 0.161718 0.215778 0.21771 0.0936442
10708 0.216747 0.0907941 0.191624 0.189098 0.217932 0.0938038
10709 0.213312 0.0906369 0.19137 0.218738 0.191488 0.0944551
10710 0.206277 0.0847689 0.185965 0.212741 0.215002 0.0952465
10808 0.213191 0.0906324 0.22157 0.16191 0.218679 0.0940193
10809 0.209887 0.0904199 0.221196 0.191948 0.192006 0.0945434
10810 0.202998 0.0844931 0.214885 0.186672 0.215523 0.0954283
10909 0.206328 0.0904097 0.221184 0.221677 0.165363 0.095039
10910 0.199603 0.0843804 0.214672 0.215452 0.189931 0.0959616
11010 0.193059 0.0786797 0.208734 0.209753 0.212904 0.0968693
20101 0.365146 0.130232 0.132011 0.131483 0.122583 0.118545
20102 0.361566 0.128395 0.130788 0.133037 0.125161 0.121053
20103 0.360933 0.130045 0.131993 0.130742 0.124984 0.121303
20104 0.361126 0.130281 0.132639 0.131084 0.123505 0.121365
20105 0.369328 0.119459 0.132375 0.133693 0.124401 0.120744
20106 0.368641 0.130679 0.122241 0.132193 0.12558 0.120666
20107 0.366859 0.130948 0.133524 0.122465 0.124393 0.121811
20108 0.365454 0.131474 0.134839 0.133347 0.114609 0.120277
20109 0.363684 0.131799 0.134362 0.133848 0.125898 0.110409
20110 0.351674 0.132232 0.134886 0.134175 0.125792 0.121241
20202 0.358288 0.127256 0.129499 0.134423 0.127203 0.123331
20203 0.357299 0.129098 0.130713 0.132333 0.127051 0.123506
20204 0.35791 0.127824 0.131954 0.133006 0.125592 0.123714
20205 0.366336 0.117771 0.130119 0.135967 0.126814 0.122993
20206 0.365436 0.129145 0.12105 0.132878 0.128357 0.123134
20207 0.363631 0.129446 0.132328 0.124248 0.125655 0.124692
20208 0.362698 0.129899 0.13357 0.135271 0.116933 0.121629
20209 0.3603 0.130124 0.132981 0.135606 0.128245 0.112744
20210 0.348256 0.130483 0.133531 0.135943 0.128182 0.123605
20303 0.356595 0.129747 0.13229 0.130649 0.126862 0.123857
20304 0.357184 0.129345 0.132423 0.131525 0.125617 0.123906
20305 0.365727 0.119347 0.131307 0.133368 0.126832 0.123419
20306 0.365003 0.13065 0.122158 0.13066 0.127693 0.123836
20307 0.363653 0.130993 0.133509 0.122038 0.125315 0.124492
20308 0.362183 0.131445 0.1349 0.133083 0.116591 0.121798
20309 0.359782 0.131612 0.134186 0.133424 0.127999 0.112997
20310 0.347802 0.132068 0.134641 0.133769 0.127781 0.123939
20404 0.357745 0.128893 0.133171 0.131122 0.124996 0.124073
20405 0.36647 0.118882 0.132036 0.133746 0.125048 0.123818
20406 0.366008 0.130153 0.122939 0.131106 0.126361 0.123433
20407 0.364319 0.130422 0.134222 0.122477 0.124018 0.124542
20408 0.362762 0.131012 0.135455 0.13355 0.115226 0.121995
20409 0.360328 0.131156 0.134935 0.13387 0.126613 0.113098
20410 0.348373 0.131641 0.135466 0.134225 0.126394 0.123901
20505 0.375414 0.108917 0.130563 0.13621 0.126253 0.122643
20506 0.374272 0.120137 0.121689 0.133846 0.127261 0.122795
20507 0.372439 0.12047 0.133164 0.125147 0.124907 0.123873
20508 0.371006 0.120865 0.134381 0.136211 0.116195 0.121342
20509 0.368723 0.121028 0.133708 0.136581 0.127541 0.112419
20510 0.356001 0.122162 0.134285 0.136821 0.127434 0.123297
20606 0.373317 0.131363 0.113027 0.131182 0.128341 0.12277
20607 0.371506 0.131794 0.124088 0.122494 0.126173 0.123945
20608 0.370053 0.132207 0.125303 0.133563 0.117464 0.12141
20609 0.367226 0.133254 0.124612 0.133837 0.128636 0.112435
20610 0.355063 0.132807 0.126056 0.134142 0.128625 0.123307
20707 0.369503 0.132024 0.135408 0.114098 0.12384 0.125127
20708 0.367772 0.133303 0.136513 0.124906 0.115038 0.122468
20709 0.365428 0.132663 0.136735 0.12523 0.126453 0.113491
20710 0.353348 0.133042 0.136518 0.126371 0.126266 0.124455
20808 0.365995 0.132886 0.138864 0.135947 0.106401 0.119907
20809 0.363907 0.133121 0.137262 0.137051 0.11766 0.110999
20810 0.351918 0.133537 0.137805 0.136537 0.118327 0.121876
20909 0.361267 0.133386 0.136679 0.136488 0.129982 0.102198
20910 0.349387 0.133827 0.137212 0.136963 0.128921 0.11369
21010 0.338249 0.134164 0.137685 0.137341 0.128709 0.123852
30101 0.384644 0.124798 0.131418 0.123476 0.121806 0.113858
30102 0.380738 0.123275 0.130965 0.125212 0.12345 0.11636
30103 0.380742 0.123486 0.130915 0.124116 0.124149 0.116592
30104 0.389542 0.113035 0.131088 0.12479 0.123246 0.118299
30105 0.39086 0.12382 0.121336 0.124039 0.123695 0.11625
30106 0.389938 0.124983 0.13208 0.113833 0.122658 0.116508
30107 0.388146 0.125895 0.132836 0.124785 0.112773 0.115565
30108 0.386443 0.125448 0.132976 0.126198 0.123354 0.105581
30109 0.373537 0.125979 0.133516 0.125858 0.124166 0.116944
30110 0.371817 0.126208 0.134257 0.126383 0.124523 0.116812
30202 0.376891 0.122659 0.130273 0.12619 0.12536 0.118627
30203 0.377195 0.121595 0.131092 0.125391 0.125895 0.118832
30204 0.386223 0.111595 0.129619 0.126614 0.125351 0.120598
30205 0.387565 0.122454 0.120952 0.124373 0.12612 0.118536
30206 0.386566 0.123574 0.131863 0.115254 0.123407 0.119336
30207 0.385251 0.124581 0.132495 0.126093 0.114691 0.116889
30208 0.382884 0.124087 0.13253 0.12753 0.125184 0.107785
30209 0.369839 0.124531 0.133125 0.127205 0.126117 0.119183
30210 0.368238 0.124658 0.1338 0.127678 0.12641 0.119216
30303 0.377486 0.121102 0.130639 0.125051 0.126796 0.118926
30304 0.386722 0.111305 0.129608 0.125165 0.126206 0.120994
30305 0.387933 0.122168 0.120958 0.123424 0.126289 0.119228
30306 0.387543 0.123287 0.131735 0.114286 0.123985 0.119164
30307 0.385734 0.124156 0.132476 0.125126 0.115374 0.117134
30308 0.383296 0.12355 0.132596 0.126504 0.125993 0.108061
30309 0.370444 0.124206 0.133021 0.126102 0.126719 0.119508
30310 0.368713 0.124252 0.133924 0.126583 0.127093 0.119435
30404 0.395662 0.101527 0.128927 0.125941 0.125011 0.122932
30405 0.397429 0.112195 0.120226 0.124218 0.125432 0.1205
30406 0.396377 0.113394 0.131005 0.115076 0.123222 0.120926
30407 0.394615 0.114283 0.131689 0.125939 0.114516 0.118958
30408 0.392105 0.113853 0.131775 0.127297 0.125113 0.109857
30409 0.37921 0.114313 0.132403 0.12696 0.125846 0.121268
30410 0.376911 0.115235 0.133049 0.127506 0.126168 0.121131
30505 0.398996 0.123016 0.11156 0.12221 0.12578 0.118438
30506 0.397747 0.124169 0.12239 0.113235 0.123743 0.118716
30507 0.395853 0.125206 0.123052 0.124242 0.114989 0.116658
30508 0.393494 0.124586 0.123131 0.125562 0.125569 0.107658
30509 0.380073 0.125887 0.123548 0.125177 0.126316 0.118999
30510 0.378299 0.1252 0.12508 0.125692 0.126699 0.11903
30606 0.396707 0.12555 0.132892 0.104441 0.121474 0.118936
30607 0.394865 0.126252 0.133964 0.115095 0.112761 0.117063
30608 0.391834 0.126582 0.133857 0.116468 0.123229 0.10803
30609 0.379042 0.126256 0.135307 0.11601 0.12409 0.119295
30610 0.377186 0.126475 0.135164 0.117393 0.124391 0.119391
30707 0.392408 0.12795 0.134405 0.126026 0.104099 0.115112
30708 0.390059 0.126651 0.135413 0.127303 0.114627 0.105947
30709 0.377193 0.127187 0.135134 0.127704 0.11538 0.117402
30710 0.375493 0.12737 0.135851 0.127432 0.116507 0.117347
30808 0.38757 0.12608 0.134669 0.129494 0.125131 0.097056
30809 0.37473 0.12672 0.135167 0.128311 0.126696 0.108376
30810 0.373044 0.126952 0.135881 0.128848 0.1262 0.109075
30909 0.361773 0.127119 0.135925 0.127969 0.126647 0.120567
30910 0.360755 0.12743 0.13656 0.128476 0.127077 0.119702
31010 0.35906 0.12772 0.137111 0.128988 0.127432 0.119689
40101 0.411846 0.122321 0.113741 0.123012 0.115638 0.113442
40102 0.408205 0.121686 0.113261 0.123305 0.1181 0.115443
40103 0.417107 0.111114 0.112862 0.122628 0.11906 0.117229
40104 0.418793 0.122245 0.103316 0.121582 0.117098 0.116966
40105 0.419695 0.122942 0.113793 0.111938 0.116295 0.115337
40106 0.418498 0.123438 0.114819 0.122755 0.106195 0.114295
40107 0.416821 0.123754 0.115753 0.12277 0.116774 0.104128
40108 0.403717 0.12414 0.115579 0.123474 0.118061 0.115029
40109 0.401467 0.125224 0.115908 0.124013 0.118062 0.115326
40110 0.398992 0.124491 0.117172 0.124628 0.118608 0.116109
40202 0.405102 0.120022 0.11373 0.123237 0.120117 0.117792
40203 0.414094 0.109968 0.111546 0.123468 0.121304 0.11962
40204 0.415689 0.121037 0.103085 0.12091 0.11982 0.119459
40205 0.416663 0.121796 0.113561 0.112236 0.117548 0.118196
40206 0.416035 0.122324 0.114407 0.12311 0.108564 0.11556
40207 0.413661 0.122397 0.115458 0.123113 0.118932 0.106439
40208 0.400404 0.122939 0.115252 0.123781 0.12025 0.117374
40209 0.398008 0.123911 0.115701 0.124306 0.120322 0.117752
40210 0.395755 0.123242 0.116801 0.124959 0.120784 0.118459
40303 0.423154 0.100143 0.110266 0.122426 0.122457 0.121554
40304 0.424901 0.11123 0.101613 0.120448 0.120358 0.12145
40305 0.426005 0.11189 0.112224 0.111744 0.118574 0.119563
40306 0.424907 0.112488 0.113142 0.122552 0.109517 0.117394
40307 0.422407 0.112746 0.114034 0.12255 0.119974 0.108289
40308 0.40924 0.11308 0.113862 0.123217 0.121338 0.119263
40309 0.406966 0.114158 0.114304 0.123777 0.121268 0.119527
40310 0.404119 0.114099 0.115363 0.124434 0.121732 0.120253
40404 0.426717 0.122256 0.093213 0.118264 0.118656 0.120894
40405 0.42775 0.122947 0.103625 0.109727 0.116639 0.119312
40406 0.426495 0.123683 0.104515 0.120638 0.107644 0.117025
40407 0.424107 0.123849 0.105579 0.120403 0.118073 0.107989
40408 0.410917 0.124224 0.105363 0.121219 0.119278 0.118999
40409 0.408108 0.125886 0.105781 0.121748 0.119344 0.119133
40410 0.405765 0.124416 0.107603 0.122258 0.119935 0.120023
40505 0.429035 0.123546 0.114204 0.101008 0.114799 0.117408
40506 0.427502 0.124318 0.115147 0.111855 0.105784 0.115394
40507 0.425006 0.124504 0.116143 0.111806 0.116267 0.106274
40508 0.411398 0.12566 0.115742 0.112468 0.117514 0.117218
40509 0.409094 0.12586 0.11704 0.112928 0.117565 0.117513
40510 0.406749 0.125156 0.117319 0.11438 0.118092 0.118304
40606 0.426568 0.124727 0.116161 0.122437 0.096908 0.113199
40607 0.423354 0.125826 0.116954 0.122636 0.107254 0.103976
40608 0.410049 0.125393 0.117625 0.123341 0.108527 0.115065
40609 0.407836 0.12644 0.117152 0.124732 0.108517 0.115323
40610 0.405397 0.125705 0.118385 0.124474 0.109938 0.116101
40707 0.42083 0.12495 0.118706 0.122549 0.117845 0.09512
40708 0.407654 0.125626 0.117671 0.124037 0.118993 0.106019
40709 0.40547 0.126647 0.118124 0.123773 0.119756 0.10623
40710 0.403045 0.126001 0.11926 0.124371 0.119506 0.107817
40808 0.394837 0.125637 0.117508 0.123969 0.121114 0.116935
40809 0.392252 0.127105 0.117951 0.124493 0.120231 0.117968
40810 0.390611 0.126344 0.119169 0.12514 0.120783 0.117953
40909 0.390712 0.128264 0.118242 0.125147 0.120326 0.117309
40910 0.388161 0.127454 0.119543 0.125747 0.120859 0.118236
41010 0.385843 0.126836 0.120822 0.126127 0.121329 0.119043
50101 0.433819 0.117217 0.123556 0.116202 0.102812 0.106394
50102 0.439747 0.104705 0.122217 0.11894 0.10569 0.108701
50103 0.441359 0.115289 0.112541 0.115622 0.106117 0.109072
50104 0.442692 0.11601 0.123511 0.105747 0.102855 0.109185
50105 0.443938 0.116512 0.124127 0.116398 0.093098 0.105927
50106 0.441976 0.117803 0.124319 0.117023 0.103424 0.095455
50107 0.428606 0.118039 0.124987 0.117984 0.103929 0.106455
50108 0.426229 0.117776 0.126214 0.117889 0.104222 0.10767
50109 0.424623 0.118094 0.125796 0.119237 0.104866 0.107384
50110 0.422525 0.118345 0.126086 0.118673 0.106267 0.108104
50202 0.446729 0.092618 0.119238 0.122176 0.108406 0.110833
50203 0.447903 0.103517 0.110575 0.117413 0.109285 0.111307
50204 0.449263 0.104234 0.121522 0.108657 0.10465 0.111674
50205 0.450818 0.104676 0.122094 0.119362 0.095953 0.107097
50206 0.448177 0.106039 0.122113 0.119759 0.10627 0.097642
50207 0.434706 0.106223 0.122799 0.12083 0.1068 0.108642
50208 0.432263 0.10593 0.124121 0.12083 0.106958 0.109898
50209 0.430691 0.106253 0.123565 0.122172 0.10777 0.109549
50210 0.428111 0.107158 0.123874 0.121455 0.109078 0.110324
50303 0.449531 0.114158 0.101852 0.113004 0.109448 0.112007
50304 0.451288 0.114853 0.11277 0.10412 0.1051 0.111869
50305 0.452371 0.115447 0.113348 0.114907 0.096379 0.107548
50306 0.449728 0.11667 0.113553 0.1153 0.106708 0.098041
50307 0.436173 0.116896 0.114276 0.116403 0.107219 0.109033
50308 0.433896 0.116599 0.11542 0.11631 0.10747 0.110305
50309 0.431804 0.117569 0.114929 0.117601 0.108198 0.109899
50310 0.429673 0.117026 0.116043 0.116969 0.109627 0.110662
50404 0.45254 0.115497 0.123762 0.095454 0.10072 0.112027
50405 0.453739 0.116105 0.12438 0.106023 0.092005 0.107748
50406 0.450997 0.117385 0.124526 0.106523 0.102336 0.098233
50407 0.437703 0.11753 0.125267 0.107566 0.102769 0.109165
50408 0.434819 0.11796 0.12633 0.107517 0.103001 0.110373
50409 0.433129 0.117515 0.126641 0.108774 0.103842 0.110099
50410 0.430961 0.117765 0.126177 0.108982 0.105207 0.110908
50505 0.455137 0.116625 0.125049 0.116996 0.082981 0.103212
50506 0.452162 0.117946 0.12511 0.117214 0.093652 0.093916
50507 0.438268 0.118804 0.125707 0.118258 0.094092 0.104871
50508 0.436012 0.117748 0.127705 0.118142 0.094308 0.106085
50509 0.434392 0.118036 0.12651 0.12028 0.095035 0.105747
50510 0.432251 0.11832 0.126833 0.118827 0.097275 0.106494
50606 0.448922 0.119805 0.125213 0.117765 0.103691 0.084604
50607 0.435576 0.119268 0.126663 0.118742 0.10438 0.095371
50608 0.433231 0.118996 0.127004 0.119482 0.10467 0.096617
50609 0.431573 0.119388 0.126566 0.11995 0.106218 0.096305
50610 0.429461 0.11968 0.126897 0.119369 0.10672 0.097873
50707 0.422585 0.119407 0.126367 0.120421 0.104782 0.106438
50708 0.419851 0.119298 0.127793 0.11961 0.105823 0.107625
50709 0.418232 0.119619 0.127322 0.120993 0.105826 0.108008
50710 0.416883 0.119869 0.127728 0.120355 0.107166 0.107999
50808 0.417709 0.119017 0.1287 0.119549 0.105333 0.109692
50809 0.41656 0.119381 0.12858 0.121002 0.106055 0.108422
50810 0.414353 0.119653 0.128893 0.120417 0.107438 0.109246
50909 0.414798 0.119588 0.12816 0.122189 0.107009 0.108256
50910 0.412562 0.119955 0.128541 0.121721 0.108284 0.108937
51010 0.41036 0.120068 0.129019 0.121282 0.109613 0.109658
60101 0.456126 0.093497 0.116757 0.11698 0.110094 0.106546
60102 0.455318 0.103498 0.10337 0.117037 0.11211 0.108667
60103 0.456941 0.103935 0.113782 0.105385 0.110872 0.109085
60104 0.458049 0.104394 0.114582 0.116272 0.098852 0.107851
60105 0.458571 0.105487 0.114557 0.116663 0.109108 0.095614
60106 0.444959 0.105286 0.116707 0.116934 0.110025 0.106089
60107 0.442533 0.10592 0.115698 0.118153 0.110989 0.106707
60108 0.441082 0.106057 0.116212 0.11807 0.11152 0.107059
60109 0.43887 0.106604 0.116619 0.118308 0.111312 0.108287
60110 0.437278 0.107405 0.116816 0.118644 0.111675 0.108182
60202 0.454967 0.113631 0.090566 0.115779 0.114505 0.110552
60203 0.456249 0.114067 0.101341 0.104773 0.112086 0.111484
60204 0.457662 0.114616 0.102079 0.115717 0.100896 0.10903
60205 0.457798 0.115622 0.101952 0.116009 0.111128 0.097491
60206 0.444087 0.115462 0.104107 0.116272 0.111919 0.108153
60207 0.441673 0.115972 0.103223 0.117358 0.113064 0.10871
60208 0.440185 0.116118 0.103653 0.117416 0.113568 0.10906
60209 0.437528 0.117409 0.104004 0.117529 0.113308 0.110222
60210 0.436461 0.116611 0.105003 0.117944 0.113698 0.110283
60303 0.458183 0.114606 0.111734 0.093934 0.109822 0.111721
60304 0.459397 0.11504 0.112631 0.104708 0.098683 0.109541
60305 0.459361 0.115989 0.112487 0.105106 0.10897 0.098087
60306 0.445733 0.115878 0.114541 0.105435 0.109878 0.108535
60307 0.443151 0.11639 0.113721 0.106575 0.110926 0.109237
60308 0.441384 0.117286 0.114101 0.106427 0.111311 0.109491
60309 0.439152 0.117016 0.115203 0.1067 0.11119 0.110739
60310 0.437988 0.117049 0.114693 0.107926 0.111507 0.110837
60404 0.46041 0.115695 0.113258 0.11577 0.087538 0.107329
60405 0.4605 0.116567 0.113269 0.116057 0.09768 0.095927
60406 0.446815 0.116404 0.115452 0.116323 0.098617 0.106389
60407 0.443938 0.117688 0.114404 0.117437 0.099542 0.106991
60408 0.442576 0.116966 0.11564 0.117355 0.100098 0.107365
60409 0.44027 0.117606 0.11526 0.118324 0.099873 0.108667
60410 0.439109 0.117587 0.115561 0.117996 0.101107 0.10864
60505 0.460476 0.117693 0.113367 0.116112 0.107923 0.084429
60506 0.446369 0.118078 0.115263 0.116632 0.108805 0.094853
60507 0.444034 0.117789 0.115038 0.117818 0.109844 0.095477
60508 0.442668 0.118017 0.11475 0.118477 0.110265 0.095823
60509 0.440362 0.118668 0.115126 0.117866 0.110924 0.097054
60510 0.439378 0.118635 0.115434 0.118326 0.110433 0.097794
60606 0.433023 0.116979 0.118081 0.116815 0.109475 0.105627
60607 0.430329 0.117705 0.116416 0.118817 0.110704 0.106029
60608 0.428926 0.1179 0.116896 0.117963 0.11193 0.106385
60609 0.42682 0.118455 0.117262 0.118133 0.110982 0.108348
60610 0.426369 0.118506 0.117555 0.118669 0.111397 0.107504
60707 0.428142 0.118382 0.115513 0.119046 0.1124 0.106517
60708 0.426492 0.118517 0.116041 0.119091 0.112135 0.107724
60709 0.42499 0.119125 0.116427 0.119318 0.112024 0.108116
60710 0.423834 0.11909 0.116721 0.119814 0.11239 0.108151
60808 0.426154 0.118502 0.116576 0.118802 0.112654 0.107312
60809 0.423396 0.119293 0.116954 0.119332 0.112532 0.108493
60810 0.422246 0.119252 0.117225 0.119784 0.112961 0.108532
60909 0.421204 0.119723 0.117271 0.11966 0.112292 0.10985
60910 0.419822 0.119896 0.117636 0.120067 0.112779 0.1098
61010 0.418603 0.12 0.117838 0.120596 0.113235 0.109728
70101 0.273011 0.383798 0.104907 0.082615 0.080891 0.074778
70102 0.268302 0.381314 0.120188 0.075106 0.080182 0.074908
70103 0.269214 0.382619 0.120484 0.077694 0.075282 0.074707
70104 0.27054 0.382292 0.12178 0.07823 0.077852 0.069306
70105 0.26555 0.383467 0.121356 0.079213 0.078482 0.071932
70106 0.26282 0.383275 0.121832 0.079952 0.079526 0.072595
70107 0.260967 0.383441 0.122715 0.079431 0.078983 0.074463
70108 0.26049 0.383669 0.122841 0.080016 0.079723 0.073261
70109 0.257252 0.385983 0.123045 0.08024 0.079862 0.073618
70110 0.267593 0.366914 0.12635 0.081907 0.081704 0.075532
70202 0.263667 0.379092 0.13538 0.067502 0.078992 0.075367
70203 0.264844 0.380279 0.135788 0.070292 0.074291 0.074506
70204 0.265985 0.379906 0.13699 0.070763 0.076871 0.069485
70205 0.260868 0.381148 0.136616 0.071711 0.077519 0.072138
70206 0.258252 0.380937 0.137093 0.072503 0.078495 0.07272
70207 0.256509 0.381006 0.13786 0.071968 0.077947 0.07471
70208 0.25548 0.38209 0.137846 0.072505 0.078591 0.073488
70209 0.252591 0.383133 0.138937 0.072696 0.07882 0.073823
70210 0.262846 0.364545 0.141448 0.074783 0.08063 0.075748
70303 0.265966 0.381594 0.136205 0.072825 0.069693 0.073717
70304 0.266968 0.381247 0.137302 0.07338 0.072305 0.068798
70305 0.261844 0.382443 0.13682 0.074307 0.073012 0.071574
70306 0.259226 0.38209 0.137405 0.07506 0.074053 0.072166
70307 0.256985 0.383039 0.138036 0.074487 0.07341 0.074043
70308 0.256465 0.38254 0.139007 0.075065 0.074064 0.072859
70309 0.253596 0.384416 0.13844 0.076066 0.074327 0.073155
70310 0.263794 0.365818 0.141732 0.076943 0.076656 0.075057
70404 0.267927 0.380895 0.138708 0.073671 0.075008 0.063791
70405 0.262937 0.38209 0.138148 0.074771 0.07558 0.066474
70406 0.259827 0.382581 0.138514 0.075485 0.076533 0.06706
70407 0.258128 0.381872 0.140111 0.074857 0.076029 0.069003
70408 0.257568 0.382248 0.139386 0.076303 0.076657 0.067838
70409 0.254667 0.384111 0.139679 0.07575 0.077648 0.068145
70410 0.264899 0.365531 0.142964 0.077424 0.07871 0.070472
70505 0.257489 0.383748 0.137792 0.075898 0.075929 0.069144
70506 0.254803 0.383002 0.138969 0.076374 0.077134 0.069718
70507 0.253058 0.383134 0.138949 0.076612 0.076595 0.071652
70508 0.252604 0.383476 0.139048 0.076478 0.078043 0.070351
70509 0.249527 0.385341 0.139372 0.076704 0.077481 0.071575
70510 0.260291 0.366751 0.142603 0.0784 0.079319 0.072636
70606 0.252184 0.382794 0.138596 0.077903 0.078131 0.070392
70607 0.250377 0.382946 0.139418 0.076638 0.078431 0.07219
70608 0.249827 0.383316 0.139498 0.077247 0.078236 0.071876
70609 0.24765 0.385191 0.139831 0.077507 0.078486 0.071335
70610 0.257451 0.366601 0.14312 0.079197 0.080322 0.073309
70707 0.248522 0.383141 0.140207 0.076029 0.077289 0.074812
70708 0.248754 0.383491 0.14039 0.07674 0.077758 0.072867
70709 0.245772 0.385376 0.14067 0.076934 0.078022 0.073226
70710 0.255495 0.366782 0.143975 0.078666 0.079875 0.075207
70808 0.248355 0.3839 0.140348 0.077398 0.078255 0.071744
70809 0.245073 0.385652 0.140825 0.077673 0.078702 0.072075
70810 0.25485 0.36712 0.144086 0.079321 0.080563 0.07406
70909 0.242103 0.387551 0.14099 0.077789 0.079103 0.072464
70910 0.251904 0.368944 0.144377 0.079563 0.080817 0.074395
71010 0.261677 0.35034 0.147667 0.081164 0.082776 0.076376
80101 0.250028 0.132554 0.378728 0.09488 0.07281 0.071
80102 0.245936 0.129976 0.374821 0.113014 0.065518 0.070735
80103 0.247435 0.130423 0.374393 0.111561 0.070677 0.065511
80104 0.242614 0.130766 0.374913 0.111229 0.069457 0.071021
80105 0.242406 0.131408 0.376058 0.111678 0.068901 0.069549
80106 0.241098 0.131602 0.375782 0.112057 0.070354 0.069107
80107 0.239848 0.13193 0.376175 0.112644 0.069881 0.069522
80108 0.237033 0.134164 0.376221 0.112668 0.070213 0.069701
80109 0.246901 0.115151 0.379592 0.114671 0.072104 0.071581
80110 0.245135 0.135315 0.359354 0.116329 0.072077 0.07179
80202 0.24236 0.127594 0.371073 0.131009 0.058219 0.069745
80203 0.243479 0.128022 0.37056 0.129643 0.063469 0.064827
80204 0.238733 0.128364 0.371021 0.129284 0.062239 0.070359
80205 0.23844 0.128917 0.372203 0.129826 0.061633 0.068981
80206 0.237206 0.129105 0.371896 0.130197 0.063126 0.06847
80207 0.235613 0.130281 0.372174 0.130541 0.062619 0.068772
80208 0.232997 0.131272 0.37309 0.130671 0.062914 0.069056
80209 0.242966 0.112705 0.375581 0.133077 0.064779 0.070892
80210 0.2411 0.13284 0.355392 0.134372 0.065184 0.071112
80303 0.244833 0.128533 0.370024 0.12821 0.068412 0.059988
80304 0.239948 0.12887 0.370604 0.1278 0.06732 0.065458
80305 0.239791 0.129274 0.371761 0.12826 0.066768 0.064146
80306 0.237972 0.130368 0.371275 0.128628 0.06816 0.063597
80307 0.236881 0.129888 0.372481 0.129017 0.067729 0.064004
80308 0.234189 0.131789 0.371743 0.130037 0.067991 0.064251
80309 0.24419 0.113176 0.375133 0.131115 0.070303 0.066083
80310 0.24231 0.133279 0.354896 0.132815 0.06991 0.06679
80404 0.235112 0.128982 0.371239 0.127706 0.06602 0.070941
80405 0.234483 0.130428 0.372184 0.127903 0.065434 0.069568
80406 0.233246 0.129824 0.37264 0.12823 0.066953 0.069107
80407 0.231983 0.130257 0.372297 0.12948 0.066474 0.069509
80408 0.22958 0.132139 0.372282 0.128814 0.067499 0.069686
80409 0.239436 0.113555 0.375659 0.130777 0.068624 0.071949
80410 0.237924 0.133728 0.355449 0.132461 0.068626 0.071812
80505 0.234501 0.130043 0.373983 0.128373 0.065072 0.068028
80506 0.232992 0.130485 0.373019 0.12957 0.066292 0.067642
80507 0.231863 0.130833 0.373483 0.129143 0.066628 0.06805
80508 0.229267 0.13278 0.373455 0.129342 0.066104 0.069052
80509 0.239529 0.114123 0.376879 0.131349 0.068036 0.070084
80510 0.237686 0.134286 0.356635 0.132996 0.068057 0.07034
80606 0.231746 0.130985 0.372604 0.129174 0.068458 0.067033
80607 0.230525 0.131119 0.373164 0.129588 0.067285 0.068319
80608 0.22874 0.133016 0.373194 0.129718 0.06762 0.067712
80609 0.238096 0.114426 0.376578 0.131753 0.069565 0.069582
80610 0.236272 0.134562 0.356375 0.133384 0.06955 0.069857
80707 0.230065 0.131606 0.373518 0.1302 0.06679 0.067821
80708 0.227319 0.133438 0.373703 0.130218 0.067194 0.068128
80709 0.236789 0.114839 0.37704 0.132229 0.069095 0.070008
80710 0.234946 0.134939 0.3568 0.133876 0.069106 0.070333
80808 0.224459 0.135194 0.373799 0.130635 0.067473 0.06844
80809 0.234136 0.116727 0.377059 0.132372 0.069429 0.070277
80810 0.232254 0.136862 0.356852 0.134059 0.069446 0.070527
80909 0.243606 0.097942 0.380522 0.134359 0.071296 0.072275
80910 0.241687 0.118286 0.360213 0.136043 0.071351 0.07242
81010 0.239843 0.138408 0.339932 0.137716 0.071277 0.072824
90101 0.244193 0.12239 0.108624 0.372615 0.087221 0.064957
90102 0.241156 0.120496 0.104223 0.37051 0.105825 0.05779
90103 0.236336 0.12106 0.104735 0.368546 0.105798 0.063525
90104 0.236563 0.122251 0.105048 0.369048 0.103706 0.063384
90105 0.236918 0.121734 0.105639 0.370192 0.104183 0.061334
90106 0.234853 0.122163 0.10585 0.36981 0.104621 0.062703
90107 0.232585 0.124361 0.106092 0.369997 0.10498 0.061985
90108 0.242899 0.105341 0.10948 0.371688 0.10669 0.063902
90109 0.240934 0.125607 0.089088 0.373517 0.106861 0.063993
90110 0.239115 0.125647 0.10944 0.353159 0.108492 0.064147
90202 0.238005 0.118824 0.099924 0.368311 0.124348 0.050588
90203 0.233261 0.119133 0.10044 0.366411 0.124359 0.056396
90204 0.233574 0.120329 0.100687 0.366904 0.122266 0.05624
90205 0.233902 0.119751 0.101292 0.368054 0.122821 0.05418
90206 0.231247 0.121048 0.101341 0.367632 0.123197 0.055535
90207 0.22937 0.12207 0.102477 0.367798 0.123425 0.05486
90208 0.239682 0.103447 0.105029 0.369919 0.125205 0.056718
90209 0.237732 0.123614 0.084663 0.371304 0.125884 0.056803
90210 0.235915 0.123691 0.104969 0.350992 0.127063 0.05737
90303 0.228466 0.119745 0.101113 0.364436 0.124303 0.061937
90304 0.22869 0.12087 0.10129 0.365015 0.122217 0.061918
90305 0.228725 0.12102 0.101684 0.3661 0.122655 0.059816
90306 0.226599 0.120759 0.102714 0.365594 0.123135 0.061199
90307 0.224661 0.122635 0.102179 0.366591 0.123368 0.060566
90308 0.234943 0.103968 0.105561 0.367548 0.125543 0.062437
90309 0.23302 0.124243 0.085177 0.369315 0.125366 0.062879
90310 0.231561 0.124278 0.105492 0.349003 0.126995 0.062671
90404 0.22845 0.122669 0.101328 0.365414 0.120382 0.061757
90405 0.228958 0.121387 0.102819 0.366569 0.120592 0.059675
90406 0.226856 0.122012 0.102125 0.366928 0.120996 0.061083
90407 0.22479 0.123852 0.102484 0.366396 0.122041 0.060437
90408 0.235169 0.105244 0.105881 0.368053 0.122968 0.062685
90409 0.233507 0.125469 0.085507 0.369871 0.123278 0.062368
90410 0.231754 0.125483 0.105858 0.349539 0.124814 0.062552
90505 0.229421 0.1209 0.102462 0.368399 0.121104 0.057714
90506 0.227209 0.121417 0.102783 0.367275 0.122354 0.058962
90507 0.22532 0.123266 0.103097 0.367525 0.121736 0.059056
90508 0.235953 0.104653 0.106514 0.369203 0.123533 0.060144
90509 0.233978 0.124898 0.086121 0.37102 0.123766 0.060217
90510 0.232121 0.124953 0.10645 0.350665 0.125374 0.060437
90606 0.225181 0.121886 0.103136 0.36681 0.121957 0.06103
90607 0.223927 0.123812 0.103273 0.367117 0.12224 0.059631
90608 0.233779 0.105243 0.106633 0.368837 0.123963 0.061545
90609 0.231686 0.125472 0.086284 0.370642 0.12426 0.061656
90610 0.229856 0.125496 0.106613 0.350307 0.125855 0.061873
90707 0.221815 0.125712 0.103664 0.367257 0.122592 0.05896
90708 0.231657 0.107071 0.107005 0.369054 0.124284 0.060929
90709 0.229649 0.127347 0.086603 0.370869 0.124534 0.060998
90710 0.227824 0.127365 0.106949 0.350539 0.126134 0.061189
90808 0.241767 0.088205 0.110415 0.370819 0.125948 0.062846
90809 0.23949 0.108736 0.090011 0.372561 0.126297 0.062905
90810 0.237633 0.108727 0.110342 0.352286 0.127916 0.063096
90909 0.237499 0.128959 0.069622 0.37435 0.126542 0.063028
90910 0.235626 0.129012 0.089977 0.354038 0.128201 0.063146
91010 0.233934 0.129003 0.110278 0.333678 0.129826 0.063281
100101 0.234764 0.11992 0.122744 0.124669 0.357739 0.0401627
100102 0.230909 0.120402 0.121044 0.125287 0.3635 0.0388574
100103 0.231177 0.12095 0.121617 0.123398 0.363703 0.0391556
100104 0.230979 0.121361 0.122792 0.123693 0.361808 0.0393662
100105 0.2312 0.121849 0.122302 0.124236 0.363036 0.0373775
100106 0.229099 0.124138 0.122515 0.124253 0.362392 0.0376027
100107 0.239806 0.103816 0.126204 0.126206 0.364252 0.0397172
100108 0.237842 0.125497 0.104556 0.12802 0.364349 0.039735
100109 0.235866 0.125374 0.126087 0.106461 0.366192 0.0400198
100110 0.234023 0.125492 0.126176 0.127999 0.34452 0.0417886
100202 0.226636 0.121199 0.119533 0.125879 0.369298 0.0374562
100203 0.227141 0.121577 0.119898 0.12402 0.369603 0.0377615
100204 0.226948 0.122038 0.121085 0.124272 0.367685 0.0379723
100205 0.226576 0.123383 0.12043 0.124782 0.368882 0.0359471
100206 0.224707 0.124318 0.121664 0.124798 0.368324 0.0361898
100207 0.23577 0.104029 0.12448 0.127318 0.37011 0.0382938
100208 0.233756 0.126142 0.102373 0.128694 0.370697 0.0383384
100209 0.231761 0.126053 0.124344 0.106679 0.372134 0.0390295
100210 0.230358 0.126213 0.124406 0.128682 0.349951 0.0403907
100303 0.227094 0.122344 0.120443 0.12222 0.3698 0.0380991
100304 0.226566 0.123316 0.12157 0.122352 0.36796 0.0382368
100305 0.226955 0.123016 0.121856 0.122774 0.369149 0.0362502
100306 0.225071 0.124897 0.121294 0.123752 0.368478 0.0365081
100307 0.236118 0.104654 0.125071 0.124827 0.370766 0.0385641
100308 0.234054 0.126751 0.102898 0.12668 0.370529 0.0390878
100309 0.232476 0.126586 0.12497 0.104652 0.37241 0.0389066
100310 0.230619 0.126759 0.125015 0.126677 0.350227 0.0407025
100404 0.226459 0.122749 0.123564 0.122466 0.366035 0.0387266
100405 0.226734 0.123443 0.122142 0.123961 0.367234 0.0364857
100406 0.224942 0.125281 0.122559 0.123069 0.367429 0.0367211
100407 0.235873 0.105014 0.126282 0.125148 0.36845 0.0392341
100408 0.234314 0.127098 0.104195 0.127027 0.368513 0.0388531
100409 0.23226 0.127037 0.126169 0.10499 0.370426 0.0391173
100410 0.230352 0.127197 0.126223 0.127 0.348267 0.0409603
100505 0.227244 0.123832 0.121647 0.123506 0.369214 0.0345557
100506 0.225089 0.125934 0.121954 0.123654 0.367806 0.0355619
100507 0.236533 0.105653 0.125713 0.125684 0.369697 0.0367192
100508 0.234422 0.127779 0.103621 0.127581 0.369795 0.036801
100509 0.232427 0.127675 0.125585 0.105507 0.371682 0.037124
100510 0.230592 0.127821 0.125641 0.12756 0.349488 0.0388977
100606 0.223987 0.127679 0.122185 0.124028 0.36716 0.0349602
100607 0.234569 0.107519 0.126045 0.125761 0.369101 0.0370046
100608 0.232551 0.129649 0.103977 0.127581 0.36922 0.0370221
100609 0.230401 0.12953 0.125965 0.105607 0.371117 0.0373797
100610 0.228547 0.129669 0.126011 0.127656 0.348946 0.0391718
100707 0.245089 0.0870782 0.129814 0.127916 0.370922 0.0391806
100708 0.243034 0.1094 0.107674 0.129659 0.371062 0.0391702
100709 0.2409 0.109275 0.129698 0.107651 0.373008 0.0394691
100710 0.239042 0.109405 0.129792 0.129657 0.350833 0.0412726
100808 0.241147 0.131595 0.0852543 0.131549 0.371217 0.0392386
100809 0.238865 0.131395 0.107585 0.10952 0.373085 0.0395502
100810 0.236996 0.131541 0.107651 0.131526 0.350937 0.0413499
100909 0.236657 0.13145 0.129711 0.0873478 0.37501 0.0398237
100910 0.234928 0.131427 0.12966 0.109487 0.352846 0.0416516
101010 0.233158 0.13143 0.129755 0.131593 0.330602 0.0434624
